2 1 1.305859676804808 1.5223062347969407
3 2 2.0898046880720824 2.2999828718101827
4 3 1.2764834825736664 2.249381839179319
5 3 2.668629042162338 2.693631470655181
6 5 3.1186725462167204 3.08762188420997
7 6 3.236988386514044 3.2378500365908223
8 7 3.237163767343392 3.237163767343924
9 8 3.242600110538416 3.2426003150387217
10 9 2.938772449967973 3.4208240343768037
11 9 2.414989523669883 3.2792052675962235
12 11 2.853267285494237 2.977205628957884
13 10 1.435139722063496 2.9707188143704046
14 10 2.7469414333673696 2.9500445848424204
15 14 3.0302804729736295 2.9818247428000295
16 15 2.966715093246318 3.0363605204349855
17 16 3.2815575134901853 3.375846045389564
18 16 1.2374323589559695 3.2439657415759164
19 12 2.242133831982578 2.994535400515647
20 17 3.346008300415373 3.3477295408748518
21 20 3.346112524687896 3.346112524689654
22 21 2.952857816850317 4.5265846748684675
23 22 4.271954417129686 4.349695155601564
24 21 3.135510158768017 3.3954199524788358
25 24 1.2819160710479809 3.153292070822253
26 24 3.0806770601935884 3.1876257034896636
27 26 3.0101644495088196 3.082967534071122
28 26 2.1984948670564872 3.0969437992302207
29 27 2.945077303408563 3.0211286927275416
30 29 2.8177802290168987 2.9736989225684556
31 28 2.0227683700559256 2.209675299933955
32 31 1.8008510269268458 2.0237767878823636
33 31 2.227552036013843 2.025865648425091
34 32 1.5039292844572514 1.7938583205278433
35 30 2.9007355028166417 2.8216983740768353
