2 1 1.522228408509174 1.5222295188721162
3 2 2.396738859912225 3.0235856133872447
4 3 1.2761872445367608 2.6055907360261505
5 3 3.224668392953072 3.2142784451911015
6 5 3.8454031973351483 3.847265264792665
7 6 4.025080179834919 4.026349690684874
8 7 4.025347704957027 4.025347704956514
9 8 4.033643469099061 4.033643765213273
10 9 3.8436165348614377 4.309051405221038
11 9 2.406842720097766 4.090179964086749
12 11 2.862648361434981 2.987400884260365
13 10 1.4316804967958003 3.891385075767202
14 10 3.705158418180927 3.862601128872369
15 14 4.136669491739734 4.136288286752191
16 15 4.153527001313312 4.1477928914710525
17 16 4.980606118433346 4.980658635614119
18 16 1.2366716574934364 4.69095158709897
19 12 2.2498665379467546 3.0081398126273218
20 17 5.12828179671538 5.131929135136233
21 20 5.1285207576951075 5.128520757694398
22 21 3.660712769317342 8.414239366078945
23 22 6.302151414577128 6.125125827234039
24 21 4.08158936097018 5.242900442767349
25 24 1.2779138437373905 4.112205717019817
26 24 4.173151019832299 4.1705587545865965
27 26 3.429513032754976 4.1773710186013595
28 26 2.685612797231811 4.20328544182592
29 27 3.4442981501771643 3.4442823125963375
30 29 2.6421267372103725 3.4848485855185576
31 28 2.2996059962112736 2.702897354720298
32 31 1.7935597780702617 2.3009566860217796
33 31 1.6623013401936912 2.3037503035195828
34 32 1.4986143062677664 1.786404937610165
35 30 2.6456213931561203 2.6457121349880652
