2 1 4.910181459250787 5.1498098177847815
3 2 4.915551103193788 5.581691940205103
4 2 2.2142395461288826 5.507662981327631
5 2 2.658100402527543 5.69291622783649
6 4 2.7809897148650324 2.869665922655559
7 5 2.122819952688365 2.783460087175137
8 3 6.116051703238973 6.112255486380095
9 8 1.382186839601586 7.100741992324134
10 8 2.288095383856017 6.550464390958524
11 8 3.727450992626336 6.116051808923536
12 11 3.639134362334327 3.8479615709427737
13 10 2.422070985063381 2.3815027713174395
14 10 2.3561861008366005 2.397885310823593
