2 1 1.9126098159495237 1.9126098159495237
3 2 1.7728861956630348 1.9228725676271916
4 3 1.1915720127923617 1.7870846847184458
5 3 1.3655651588823696 1.7804428197567594
6 3 1.6069425027151354 1.7857294021216745
7 5 1.3734222115299695 1.3734222961984854
8 4 1.1982400233986825 1.1982400890995608
9 4 1.196697376334255 1.196579264721219
10 7 1.1950033501321384 1.3754659323372984
11 7 1.3856559060594644 1.3852753447613944
12 10 1.205751554628891 1.205649610908392
13 6 1.61878230155183 1.6182593636674096
14 6 1.1945602616391453 1.6147491885288001
15 14 1.1978831582038767 1.1978831788582085
16 11 1.2098545873040447 1.3946403441729596
17 11 1.220713855309927 1.4090012908493068
18 15 1.203711933141968 1.2035352771208816
19 15 1.2020087871024747 1.2019291115616582
20 13 1.5127864117963432 1.6226918738256624
21 20 1.2399503068432092 1.5700885343127993
22 20 1.2056585438027687 1.522912656757459
23 20 1.5183302183522898 1.5182184040130762
24 16 1.2155210038739035 1.2155211012815548
25 23 1.2086911455744789 1.5277992608366844
26 23 1.5238295323084017 1.5238296290419482
27 17 1.2230428836494884 1.223014070236908
28 17 1.2356800857368824 1.2350585543484698
29 26 1.5335747355809684 1.5333450320035544
30 29 1.4068251481044989 1.5445469143647474
31 29 1.2222226536851983 1.5489264187677476
32 31 1.2262297196677885 1.2261817646204283
33 31 1.247016011890348 1.247016274852272
34 30 1.345999099196591 1.4125431219944464
35 34 1.2279914198538049 1.351361712301149
36 35 1.2325663760448176 1.2325664592874623
37 35 1.23193664277794 1.2319367129603267
