2 1 8,424124022516127 1,9126098159934957
3 2 5,480369431120463 8,615988680205108
4 3 2,442642014288519 5,612111197549965
5 3 2,93215779101224 5,549693231707987
6 3 4,219193322629837 5,598783981058612
7 5 2,881515672313869 2,9640340478268463
8 4 2,0972584966879086 2,4659511358332376
9 4 2,025193183690248 2,460116482889649
10 7 2,721077425348283 2,889327077438388
11 7 3,4522251552572447 2,927832945562269
12 10 2,85773222922295 2,769258070733631
13 6 4,290834841185775 4,290932390943487
14 6 2,4563301751629636 4,268217386408796
15 14 2,4686352612063396 2,46863534421357
16 11 1,8254906338668744 3,499446050234095
17 11 2,925483778596813 3,574565655413022
18 15 2,8492261299527053 2,489499012344302
19 15 2,04058381299284 2,4835624468673054
20 13 3,839502535461249 4,314842542324621
21 20 1,2375250926481243 4,19658178361115
22 20 2,11951491469247 3,8968868321709444
23 20 3,870790751452131 3,8701017742457413
24 16 1,8364982396922855 1,8364984544724186
25 23 1,7352298230616792 3,9244839259956055
26 23 3,6887531240138425 3,90215213382525
27 17 2,6786256576288987 2,93649967164485
28 17 1,7821484169523834 2,995154856041747
29 26 3,305271155382995 3,737998879566195
30 29 3,1051834518269996 3,3506785734652973
31 29 2,3021815366266045 3,3685100672810884
32 31 2,1015579651676535 2,313966276350356
33 31 1,8042451306890823 2,3772745557617423
34 30 2,7470892161160276 3,129885307957015
35 34 3,064450818481187 2,76700323109719
36 35 1,780142061585401 3,0896495068246512
37 35 3,085940199664871 3,0859406134434892
