2 1 4.095728828058661 4.087155810520751
3 2 4.039575076483132 4.560341005682304
4 2 1.862596773575566 4.508280930662558
5 2 2.6562547592122865 4.641339256233154
6 4 2.3065335164954908 2.306533608340481
7 5 2.119382536501074 2.7776397815409575
8 3 4.829267458627754 4.826925989360138
9 8 1.3828936735984108 5.425340050591883
10 8 2.400429430142451 5.0944947286
11 8 2.697349940567104 4.829267517794871
12 11 2.7829120966847136 2.762219520005346
13 10 2.423105729081974 2.5027745790912164
14 10 2.34778798685682 2.5101408271175703
